20 39 19 83 16 100 16 114 18 122 60 37 59 128 59 213 115 215 99 234 270 45 271 139 150 218 181 219 268 222
19 34 16 52 18 68 19 77 16 88 60 37 59 128 134 202 59 213 125 216 270 45 271 139 150 218 181 219 270 222
22 38 15 60 19 67 18 79 18 145 60 37 59 128 60 213 151 218 181 219 270 45 271 139 214 151 270 222 255 230
17 42 19 71 17 85 15 110 16 126 22 27 60 37 59 128 59 213 101 260 270 44 270 139 148 218 181 219 269 222
18 30 18 47 16 105 17 131 7 249 60 37 18 92 18 121 59 127 59 213 269 45 270 139 149 218 182 219 268 222
10 72 16 103 16 121 16 135 16 251 16 20 20 36 60 37 59 128 59 212 271 44 271 139 150 218 269 222 69 229
17 66 17 76 16 88 16 100 16 123 19 26 21 36 19 48 59 128 59 213 60 38 270 44 270 139 126 141 181 219
18 51 16 60 17 88 17 98 16 130 19 32 60 36 18 69 59 128 59 213 270 45 271 139 150 218 181 219 270 222
18 45 16 89 16 110 17 127 17 140 20 27 60 37 59 128 20 157 59 213 270 44 271 139 152 218 181 219 93 224
21 23 14 43 17 58 16 89 16 126 21 35 60 37 59 127 59 213 151 218 270 44 270 139 181 219 257 247 248 253
16 32 17 87 15 97 15 127 18 209 60 37 59 128 59 213 151 218 181 219 270 44 270 139 270 222 237 234 249 255
