19 39 18 83 17 100 16 114 16 122 53 37 71 128 87 213 88 215 91 234 282 45 241 139 206 218 205 219 204 222
18 34 17 52 17 68 17 77 17 88 52 37 78 128 99 202 102 213 103 216 282 45 241 139 206 218 206 219 205 222
19 38 18 60 18 67 18 79 17 145 44 37 86 128 125 213 127 218 127 219 259 45 256 139 256 151 253 222 253 230
18 42 17 71 16 85 16 110 15 126 37 27 39 37 59 128 77 213 87 260 282 44 240 139 205 218 205 219 204 222
19 30 18 47 15 105 14 131 8 249 38 37 41 92 42 121 43 127 47 213 281 45 240 139 206 218 205 219 204 222
13 72 14 103 14 121 14 135 17 251 30 20 33 36 33 37 50 128 65 212 284 44 227 139 172 218 169 222 165 229
16 66 16 76 16 88 16 100 15 123 19 26 21 36 24 48 44 128 65 213 168 38 169 44 185 139 185 141 197 219
17 51 17 60 16 88 16 98 16 130 33 32 33 36 38 69 48 128 61 213 282 45 241 139 206 218 206 219 205 222
17 45 16 89 16 110 16 127 16 140 38 27 39 37 44 128 46 157 49 213 284 44 217 139 153 218 152 219 148 224
18 23 17 43 17 58 16 89 15 126 36 35 37 37 70 127 101 213 103 218 270 44 252 139 237 219 232 247 231 253
15 32 15 87 16 97 16 127 17 209 44 37 86 128 124 213 127 218 127 219 274 44 263 139 254 222 253 234 250 255
